6 12 18 18 0  995,98 2,91
6 12 18 18 18  995,90 2,55
6 12 18 18 18  995,87 2,54
6 12 18 18 18  995,87 2,54
6 12 18 18 18  995,88 2,54
6 12 18 18 18  995,88 2,54
6 12 18 18 30  995,71 2,64
6 12 18 19 0  995,71 2,68
6 12 18 19 23  995,25 2,63
6 12 18 19 23  995,25 2,63
6 12 18 19 23  995,25 2,63
6 12 18 19 23  995,25 2,63
6 12 18 19 23  995,22 2,64
6 12 18 19 23  995,22 2,64
6 12 18 19 24  995,20 2,64
6 12 18 19 24  995,20 2,64
6 12 18 19 24  995,20 2,63
6 12 18 19 24  995,20 2,63
6 12 18 19 24  995,18 2,65
6 12 18 19 24  995,20 2,66
6 12 18 19 29  995,11 2,70
6 12 18 19 29  995,18 2,72
6 12 18 19 30  995,11 2,71
6 12 18 19 31  995,19 2,73
6 12 18 19 31  995,16 2,70
6 12 18 19 34  995,03 2,69
6 12 18 19 34  995,03 2,69
6 12 18 19 34  995,06 2,68
6 12 18 19 53  994,87 2,46
6 12 18 20 0  994,87 2,41
6 12 18 20 30  994,72 2,40
6 12 18 21 0  994,91 2,36
6 12 18 21 30  994,59 2,35
6 12 18 22 0  994,62 2,36
6 12 18 22 30  994,38 2,24
6 12 18 23 0  994,52 2,46
6 12 18 23 30  994,64 2,27
7 12 18 0 0  994,45 2,25
7 12 18 0 30  994,22 2,18
7 12 18 1 0  993,81 1,84
7 12 18 1 30  993,41 1,66
7 12 18 2 0  993,05 1,95
7 12 18 2 30  992,72 2,21
7 12 18 3 0  992,47 2,31
7 12 18 3 30  992,29 2,03
7 12 18 4 0  991,81 2,04
7 12 18 4 30  991,42 2,02
7 12 18 5 0  991,10 2,00
7 12 18 5 30  990,82 1,87
7 12 18 6 0  990,45 1,56
7 12 18 6 30  990,18 1,42
7 12 18 7 0  990,11 1,47
7 12 18 7 30  990,01 1,41
7 12 18 8 0  989,92 1,45
7 12 18 8 30  989,79 1,56
7 12 18 9 0  989,74 1,51
7 12 18 9 30  989,76 1,61
7 12 18 10 0  989,24 2,14
7 12 18 10 30  988,77 2,72
7 12 18 11 0  988,47 2,59
7 12 18 11 30  988,14 2,73
7 12 18 12 0  988,07 2,78
7 12 18 12 30  987,77 2,75
7 12 18 13 0  987,57 2,89
7 12 18 13 30  987,20 2,73
7 12 18 14 0  986,82 2,73
7 12 18 14 30  986,67 2,65
7 12 18 15 0  986,18 2,74
7 12 18 15 30  985,88 2,64
7 12 18 16 0  985,87 2,48
7 12 18 16 30  985,62 2,54
7 12 18 17 0  985,43 2,42
7 12 18 17 30  985,23 2,36
7 12 18 18 0  984,81 2,30
7 12 18 18 30  984,73 2,15
7 12 18 19 0  984,31 2,20
7 12 18 19 4  984,25 2,19
7 12 18 19 4  984,25 2,19
7 12 18 19 4  984,25 2,19
7 12 18 19 4  984,24 2,20
7 12 18 19 4  984,24 2,20
7 12 18 19 4  984,24 2,20
7 12 18 19 4  984,27 2,20
7 12 18 19 4  984,29 2,19
7 12 18 19 30  984,01 2,25
7 12 18 20 0  983,59 2,11
7 12 18 20 30  983,29 2,07
7 12 18 21 0  983,12 1,96
7 12 18 21 30  982,82 1,97
7 12 18 22 0  982,83 2,03
7 12 18 22 30  982,44 2,00
7 12 18 23 0  981,70 1,98
7 12 18 23 30  981,23 2,14
7 12 18 23 48  981,15 2,16
8 12 18 0 0  980,81 2,24
8 12 18 0 30  980,56 2,30
8 12 18 0 51  980,18 2,57
8 12 18 1 0  980,17 2,58
8 12 18 1 30  980,29 2,52
8 12 18 1 43  980,06 2,60
8 12 18 1 43  980,06 2,60
8 12 18 2 0  979,81 2,55
8 12 18 2 30  979,86 2,72
8 12 18 3 0  979,28 2,90
8 12 18 3 30  979,34 2,98
8 12 18 4 0  979,18 3,13
8 12 18 4 30  979,30 2,63
8 12 18 5 0  978,86 2,62
8 12 18 5 30  979,23 2,94
8 12 18 6 0  979,29 2,80
8 12 18 6 30  979,37 2,84
8 12 18 7 0  979,68 2,67
8 12 18 7 30  979,96 2,54
8 12 18 8 0  980,09 2,72
8 12 18 8 30  980,10 2,86
8 12 18 9 0  980,29 3,07
8 12 18 9 30  980,65 3,16
8 12 18 10 0  980,96 3,26
8 12 18 10 30  981,18 3,16
8 12 18 11 0  1024,25 25,75
8 12 18 11 30  1024,25 25,75
8 12 18 12 0  1024,25 25,75
8 12 18 12 15  1024,25 25,75
8 12 18 12 30  979,92 20,94
8 12 18 13 0  980,97 5,31
8 12 18 13 30  981,09 5,67
8 12 18 14 0  981,21 7,28
8 12 18 14 30  981,50 6,65
8 12 18 15 0  981,50 5,79
8 12 18 15 30  981,84 5,27
8 12 18 16 0  981,99 5,12
8 12 18 16 30  982,01 5,30
8 12 18 17 0  981,96 5,12
8 12 18 17 30  982,03 5,07
8 12 18 18 0  982,16 4,94
8 12 18 18 7  982,20 4,96
8 12 18 18 30  982,46 4,68
8 12 18 18 31  982,48 4,77
8 12 18 19 0  982,50 4,46
8 12 18 19 30  982,38 4,00
8 12 18 20 0  982,24 3,34
8 12 18 20 30  982,09 2,80
8 12 18 20 44  981,98 2,37
8 12 18 21 0  982,06 2,28
8 12 18 21 30  981,81 1,92
8 12 18 22 0  981,57 1,99
8 12 18 22 30  981,54 1,82
8 12 18 22 55  981,34 1,68
8 12 18 23 0  981,37 1,59
8 12 18 23 30  981,12 1,59
9 12 18 0 0  980,76 1,49
9 12 18 0 30  980,36 1,64
9 12 18 1 0  980,28 1,73
9 12 18 1 30  980,09 2,19
9 12 18 2 0  979,95 2,42
9 12 18 2 14  979,89 2,60
9 12 18 2 30  979,64 2,86
9 12 18 3 0  979,26 2,82
9 12 18 3 30  978,91 2,74
9 12 18 4 0  978,60 2,85
9 12 18 4 30  978,37 2,93
9 12 18 5 0  977,71 2,89
9 12 18 5 30  977,15 2,17
9 12 18 6 0  976,85 2,00
9 12 18 6 30  976,30 1,89
9 12 18 7 0  975,72 1,97
9 12 18 7 30  975,49 2,92
9 12 18 8 0  975,13 3,37
9 12 18 8 18  975,10 3,49
9 12 18 8 30  975,04 3,58
9 12 18 9 0  974,13 4,22
9 12 18 9 30  974,07 4,67
9 12 18 10 0  973,31 5,22
9 12 18 10 30  972,73 5,71
9 12 18 10 43  972,38 5,51
9 12 18 10 43  972,43 5,49
9 12 18 10 43  972,51 5,49
9 12 18 11 0  973,17 5,03
9 12 18 11 30  972,89 4,50
9 12 18 12 0  972,69 4,44
9 12 18 12 13  972,20 4,72
9 12 18 12 30  972,08 4,95
9 12 18 13 0  971,54 7,97
9 12 18 13 30  971,69 5,38
9 12 18 14 0  971,79 5,62
9 12 18 14 30  972,31 5,34
9 12 18 14 40  972,65 5,11
9 12 18 15 0  972,99 4,60
9 12 18 15 30  972,63 4,56
9 12 18 16 0  972,84 4,55
9 12 18 16 30  972,80 4,28
9 12 18 17 0  973,05 4,52
9 12 18 17 30  973,33 4,47
9 12 18 18 0  973,18 4,34
9 12 18 18 30  973,08 4,47
9 12 18 19 0  973,39 4,65
9 12 18 19 30  973,55 4,58
9 12 18 20 0  973,69 4,81
9 12 18 20 30  973,88 4,91
9 12 18 21 0  974,17 4,80
9 12 18 21 30  974,45 4,24
9 12 18 22 0  974,54 4,24
9 12 18 22 30  974,70 4,33
9 12 18 23 0  974,64 4,39
9 12 18 23 30  974,84 4,36
10 12 18 0 0  975,01 4,49
10 12 18 0 30  975,25 4,55
10 12 18 1 0  975,31 4,66
10 12 18 1 30  975,59 4,60
10 12 18 2 0  975,70 4,48
10 12 18 2 16  975,62 4,35
10 12 18 2 16  975,62 4,35
10 12 18 2 16  975,58 4,35
10 12 18 2 16  975,58 4,35
10 12 18 2 30  975,57 4,36
10 12 18 3 0  975,53 4,09
10 12 18 3 30  975,43 3,75
10 12 18 4 0  975,47 3,86
10 12 18 4 30  975,84 4,10
10 12 18 5 0  975,88 4,09
10 12 18 5 30  976,06 4,00
10 12 18 6 0  976,27 4,10
10 12 18 6 30  976,49 4,52
10 12 18 7 0  976,53 4,82
10 12 18 7 30  976,85 5,09
10 12 18 8 0  977,19 5,80
10 12 18 8 30  977,62 5,87
10 12 18 8 47  977,80 5,80
10 12 18 9 0  978,18 5,60
10 12 18 9 30  978,56 5,34
10 12 18 10 0  978,92 5,12
10 12 18 10 30  979,19 5,32
10 12 18 11 0  979,31 5,00
10 12 18 11 30  979,55 4,85
10 12 18 11 39  979,63 5,05
10 12 18 12 0  979,75 4,87
10 12 18 12 30  979,87 5,18
10 12 18 13 0  980,11 5,40
10 12 18 13 30  980,41 5,55
10 12 18 14 0  980,53 8,51
10 12 18 14 30  980,90 6,17
10 12 18 15 0  980,90 5,35
10 12 18 15 30  981,41 5,05
10 12 18 16 0  981,82 4,47
10 12 18 16 30  982,01 3,61
10 12 18 17 0  982,30 3,16
10 12 18 17 30  982,33 3,11
10 12 18 18 0  982,35 3,43
10 12 18 18 30  982,57 3,37
10 12 18 19 0  983,03 3,59
10 12 18 19 30  982,92 3,64
10 12 18 20 0  983,05 3,22
10 12 18 20 30  983,08 3,35
10 12 18 21 0  983,27 3,29
10 12 18 21 30  983,29 3,29
10 12 18 22 0  983,50 3,26
10 12 18 22 30  983,80 3,27
10 12 18 23 0  983,63 3,25
10 12 18 23 30  983,64 3,23
11 12 18 0 0  983,72 3,05
11 12 18 0 30  983,94 2,95
11 12 18 1 0  984,01 3,17
11 12 18 1 30  984,13 3,23
11 12 18 1 39  984,11 3,23
11 12 18 1 39  984,00 3,26
11 12 18 2 0  984,10 3,25
11 12 18 2 30  984,06 3,00
11 12 18 3 0  983,90 3,07
11 12 18 3 30  983,81 3,04
11 12 18 4 0  983,89 3,02
11 12 18 4 30  984,14 2,75
11 12 18 5 0  984,19 2,61
11 12 18 5 30  984,41 2,15
11 12 18 6 0  984,43 2,04
11 12 18 6 30  984,57 1,90
11 12 18 7 0  984,76 1,44
11 12 18 7 30  984,92 1,47
11 12 18 8 0  984,93 1,84
11 12 18 8 30  985,05 2,06
11 12 18 9 0  985,17 2,71
11 12 18 9 30  985,24 3,38
11 12 18 10 0  985,15 3,49
11 12 18 10 30  984,73 6,41
11 12 18 11 0  984,50 8,30
11 12 18 11 30  984,50 6,81
11 12 18 12 0  984,39 7,20
11 12 18 12 30  984,42 5,90
11 12 18 13 0  984,41 5,95
11 12 18 13 30  984,26 8,67
11 12 18 14 0  984,40 9,06
11 12 18 14 30  984,82 5,43
11 12 18 15 0  985,19 4,14
11 12 18 15 30  985,45 3,39
11 12 18 16 0  985,63 2,91
11 12 18 16 30  985,65 2,53
11 12 18 17 0  985,88 2,15
11 12 18 17 30  986,06 1,77
11 12 18 18 0  986,26 2,18
11 12 18 18 30  986,47 2,05
11 12 18 19 0  986,61 2,21
11 12 18 19 30  986,82 2,11
11 12 18 20 0  986,63 2,11
11 12 18 20 30  986,77 1,93
11 12 18 21 0  986,89 1,95
11 12 18 21 30  986,93 2,17
11 12 18 22 0  987,07 2,22
11 12 18 22 30  987,18 1,65
11 12 18 23 0  987,36 1,61
11 12 18 23 30  987,45 1,73
12 12 18 0 0  987,50 1,84
12 12 18 0 25  987,68 1,94
12 12 18 0 30  987,71 1,92
12 12 18 1 0  987,73 2,25
12 12 18 1 30  987,98 2,47
12 12 18 2 0  988,29 2,99
12 12 18 2 30  988,41 3,17
12 12 18 3 0  988,36 2,26
12 12 18 3 30  988,47 2,63
12 12 18 4 0  988,56 3,17
12 12 18 4 30  988,85 2,59
12 12 18 5 0  989,17 2,80
12 12 18 5 30  989,35 2,71
12 12 18 6 0  989,62 2,12
12 12 18 6 30  989,84 2,40
12 12 18 7 0  990,06 2,59
12 12 18 7 30  990,32 2,87
12 12 18 8 0  990,56 3,53
12 12 18 8 30  990,76 3,79
12 12 18 9 0  991,03 3,91
12 12 18 9 30  991,35 4,05
12 12 18 10 0  991,50 4,61
12 12 18 10 30  991,52 5,50
12 12 18 11 0  991,50 6,15
12 12 18 11 30  991,43 6,70
12 12 18 12 0  991,54 5,75
12 12 18 12 30  991,15 12,55
12 12 18 13 0  991,14 14,94
12 12 18 13 30  991,61 9,35
12 12 18 14 0  991,61 11,63
12 12 18 14 30  992,08 6,01
12 12 18 15 0  992,44 4,72
12 12 18 15 30  992,75 3,57
12 12 18 16 0  992,93 3,10
12 12 18 16 30  993,09 1,93
12 12 18 17 0  993,39 1,11
12 12 18 17 30  993,63 1,28
12 12 18 18 0  993,62 1,42
12 12 18 18 30  993,94 1,06
12 12 18 19 0  994,27 0,48
12 12 18 19 30  994,49 0,79
12 12 18 20 0  994,63 1,18
12 12 18 20 30  994,45 1,09
12 12 18 21 0  994,47 1,35
12 12 18 21 30  994,56 1,28
12 12 18 22 0  994,71 1,07
12 12 18 22 30  994,64 1,00
12 12 18 23 0  994,70 1,08
12 12 18 23 30  994,70 1,06
13 12 18 0 0  994,67 1,03
13 12 18 0 30  994,77 0,81
13 12 18 1 0  994,64 0,87
13 12 18 1 30  994,72 0,89
13 12 18 1 54  994,65 0,88
13 12 18 2 0  994,55 0,92
13 12 18 2 30  994,58 1,03
13 12 18 3 0  994,58 0,95
13 12 18 3 30  994,59 1,11
13 12 18 4 0  994,55 1,08
13 12 18 4 30  994,54 0,94
13 12 18 5 0  994,39 0,95
13 12 18 5 30  994,43 1,01
13 12 18 6 0  994,44 1,01
13 12 18 6 30  994,40 1,43
13 12 18 7 0  994,49 1,78
13 12 18 7 30  994,69 1,52
13 12 18 8 0  994,77 1,71
13 12 18 8 30  994,80 1,38
13 12 18 9 0  994,72 1,56
13 12 18 9 30  994,87 1,70
13 12 18 10 0  994,83 1,99
13 12 18 10 30  994,76 2,45
13 12 18 11 0  994,61 2,67
13 12 18 11 30  994,47 2,64
13 12 18 12 0  994,44 2,28
13 12 18 12 30  994,51 2,40
13 12 18 13 0  994,42 2,25
13 12 18 13 30  994,43 2,27
13 12 18 14 0  994,28 1,89
13 12 18 14 30  994,45 1,95
13 12 18 15 0  994,62 1,71
13 12 18 15 30  994,77 1,70
13 12 18 16 0  994,81 1,61
13 12 18 16 30  994,72 1,61
13 12 18 17 0  994,80 1,51
13 12 18 17 30  994,78 1,62
13 12 18 18 0  994,82 1,72
13 12 18 18 30  994,87 2,00
13 12 18 19 0  995,07 2,15
13 12 18 19 30  995,05 2,45
13 12 18 20 0  995,28 2,00
13 12 18 20 30  995,32 2,06
13 12 18 21 0  995,51 1,97
13 12 18 21 30  995,61 1,77
13 12 18 22 0  995,56 2,10
13 12 18 22 30  995,63 1,79
13 12 18 23 0  995,81 2,03
13 12 18 23 30  995,83 2,11
14 12 18 0 0  995,97 2,11
14 12 18 0 30  996,11 1,96
14 12 18 1 0  996,21 1,94
14 12 18 1 30  996,38 1,85
14 12 18 2 0  996,63 1,23
14 12 18 2 30  996,55 1,14
14 12 18 3 0  996,76 1,27
14 12 18 3 30  996,61 1,30
14 12 18 4 0  996,56 1,03
14 12 18 4 30  996,65 0,24
14 12 18 5 0  996,63 0,87
14 12 18 5 30  996,66 1,17
14 12 18 6 0  996,77 1,27
14 12 18 6 30  996,88 1,17
14 12 18 7 0  996,97 1,45
14 12 18 7 30  996,93 1,61
14 12 18 8 0  997,10 1,95
14 12 18 8 30  997,41 2,04
14 12 18 9 0  997,53 2,17
14 12 18 9 30  997,60 2,60
14 12 18 10 0  997,64 3,17
14 12 18 10 30  997,65 3,98
14 12 18 11 0  997,59 3,64
14 12 18 11 30  997,74 2,70
14 12 18 12 0  997,72 3,24
14 12 18 12 30  997,65 3,41
14 12 18 13 0  997,75 3,48
14 12 18 13 30  997,84 3,74
14 12 18 14 0  998,10 3,64
14 12 18 14 30  998,20 3,39
14 12 18 15 0  998,25 2,80
14 12 18 15 30  998,35 2,81
14 12 18 16 0  998,59 2,61
14 12 18 16 30  998,71 2,60
14 12 18 17 0  998,72 2,60
14 12 18 17 30  998,86 2,35
14 12 18 18 0  998,98 2,50
14 12 18 18 30  999,04 1,90
14 12 18 19 0  999,07 2,23
14 12 18 19 30  999,11 2,12
14 12 18 20 0  998,98 2,17
14 12 18 20 30  998,95 1,71
14 12 18 21 0  998,97 2,16
14 12 18 21 30  999,01 1,95
14 12 18 22 0  999,08 1,97
14 12 18 22 30  999,02 1,94
14 12 18 23 0  998,78 1,70
14 12 18 23 30  998,74 2,07
15 12 18 0 0  998,68 2,08
15 12 18 0 30  998,78 2,04
15 12 18 1 0  998,86 1,88
15 12 18 1 30  998,90 1,68
15 12 18 2 0  998,91 1,46
15 12 18 2 30  998,80 1,11
15 12 18 3 0  998,70 1,58
15 12 18 3 30  998,71 1,49
15 12 18 4 0  998,63 1,53
15 12 18 4 30  998,77 0,99
15 12 18 5 0  999,07 0,32
15 12 18 5 30  998,77 0,82
15 12 18 6 0  998,84 0,56
15 12 18 6 30  998,79 0,82
15 12 18 7 0  998,83 0,77
15 12 18 7 30  999,14 0,75
15 12 18 8 0  999,33 0,79
15 12 18 8 30  999,07 0,92
15 12 18 9 0  998,98 0,88
15 12 18 9 30  999,30 0,75
15 12 18 10 0  998,91 1,22
15 12 18 10 30  998,79 1,52
15 12 18 11 0  998,58 1,11
15 12 18 11 30  998,31 1,06
15 12 18 12 0  998,00 1,68
15 12 18 12 30  997,80 0,92
15 12 18 13 0  997,92 0,91
15 12 18 13 30  997,31 0,95
15 12 18 14 0  997,19 1,13
15 12 18 14 30  997,36 1,00
15 12 18 14 33  997,47 0,80
15 12 18 15 0  997,34 1,05
15 12 18 15 30  997,37 1,04
15 12 18 16 0  997,22 0,98
15 12 18 16 30  997,07 0,62
15 12 18 17 0  997,06 -0,17
15 12 18 17 30  996,89 -0,41
15 12 18 18 0  996,84 -0,38
15 12 18 18 30  996,59 -0,24
15 12 18 19 0  996,26 -0,19
15 12 18 19 30  996,03 -0,11
15 12 18 20 0  995,74 -0,15
15 12 18 20 30  995,74 -0,10
15 12 18 21 0  995,45 -0,09
15 12 18 21 30  995,31 -0,06
15 12 18 21 38  995,16 -0,01
15 12 18 21 38  995,21 0,01
15 12 18 21 40  993,54 22,10
15 12 18 21 40  993,55 22,08
15 12 18 21 40  993,55 22,08
15 12 18 21 40  993,53 22,00
15 12 18 21 40  993,54 22,04
15 12 18 21 40  993,51 22,04
15 12 18 21 40  993,47 21,97
15 12 18 21 40  993,47 21,97
15 12 18 21 40  993,51 21,96
15 12 18 21 52  993,13 24,54
15 12 18 21 52  993,10 24,54
15 12 18 21 52  993,15 24,62
15 12 18 21 53  993,15 24,67
15 12 18 21 53  993,15 24,68
15 12 18 21 53  993,12 24,76
15 12 18 21 53  993,18 24,74
15 12 18 21 53  993,13 24,73
15 12 18 21 53  993,14 24,71
15 12 18 21 53  993,09 24,70
15 12 18 21 54  993,11 24,66
15 12 18 21 54  993,11 24,66
15 12 18 21 54  993,13 24,65
15 12 18 21 54  993,18 24,59
15 12 18 21 54  993,17 24,59
15 12 18 21 54  993,15 24,57
15 12 18 21 54  993,16 24,56
15 12 18 21 54  993,18 24,56
15 12 18 21 54  993,18 24,56
15 12 18 21 54  993,14 24,55
15 12 18 21 54  993,14 24,55
15 12 18 21 54  993,13 24,55
15 12 18 21 54  993,13 24,55
15 12 18 21 54  993,15 24,54
15 12 18 21 54  993,14 24,54
15 12 18 21 54  993,15 24,53
15 12 18 21 54  993,15 24,53
15 12 18 21 54  993,14 24,54
15 12 18 21 54  993,14 24,54
15 12 18 21 54  993,11 24,52
15 12 18 21 54  993,15 24,51
15 12 18 21 54  993,15 24,51
15 12 18 21 54  993,08 24,49
15 12 18 21 54  993,05 24,49
15 12 18 21 54  993,07 24,48
15 12 18 21 55  993,05 24,42
15 12 18 21 55  993,07 24,42
15 12 18 21 55  993,15 24,35
15 12 18 21 56  993,18 24,29
15 12 18 21 57  993,13 24,17
15 12 18 21 57  993,17 24,09
15 12 18 22 0  993,21 23,71
15 12 18 22 2  993,15 23,47
15 12 18 22 30  992,86 23,68
15 12 18 23 0  992,30 22,85
15 12 18 23 30  991,97 22,58
16 12 18 0 0  991,74 23,38
16 12 18 0 30  991,36 23,04
16 12 18 0 54  991,18 23,36
16 12 18 0 54  991,20 23,18
16 12 18 1 0  992,69 1,76
16 12 18 1 30  992,59 1,14
16 12 18 2 0  992,80 1,31
16 12 18 2 30  992,44 1,23
16 12 18 3 0  992,38 1,25
16 12 18 3 30  992,02 1,44
16 12 18 4 0  991,99 1,23
16 12 18 4 30  991,78 1,27
16 12 18 5 0  991,68 1,05
16 12 18 5 29  991,81 1,20
16 12 18 5 30  991,80 1,22
16 12 18 6 0  991,83 1,34
16 12 18 6 30  992,12 1,37
16 12 18 7 0  992,03 1,32
16 12 18 7 30  992,17 1,61
16 12 18 8 0  992,07 1,81
16 12 18 8 30  992,27 1,74
16 12 18 9 0  992,34 2,28
16 12 18 9 30  992,53 2,45
16 12 18 10 0  992,83 3,19
16 12 18 10 30  992,60 3,54
16 12 18 11 0  992,38 3,78
16 12 18 11 30  992,21 4,58
16 12 18 12 0  992,00 4,52
16 12 18 12 30  991,93 4,36
16 12 18 13 0  991,80 4,57
16 12 18 13 30  991,69 4,71
16 12 18 14 0  991,85 4,46
16 12 18 14 30  992,16 4,27
16 12 18 15 0  992,20 4,01
16 12 18 15 30  992,71 3,00
16 12 18 16 0  993,01 3,36
16 12 18 16 30  992,92 3,15
16 12 18 17 0  992,92 3,14
16 12 18 17 30  993,06 3,10
16 12 18 18 0  993,20 2,82
16 12 18 18 28  993,23 2,90
16 12 18 18 30  993,16 3,07
16 12 18 18 31  993,12 3,05
16 12 18 19 0  993,22 3,10
16 12 18 19 30  993,39 2,88
16 12 18 19 37  993,32 3,16
16 12 18 20 0  993,35 3,11
16 12 18 20 30  993,70 2,36
16 12 18 21 0  993,58 2,27
16 12 18 21 30  993,62 1,50
16 12 18 22 0  993,42 1,67
16 12 18 22 30  993,41 1,86
16 12 18 23 0  993,44 1,77
16 12 18 23 30  993,39 1,68
17 12 18 0 0  993,39 1,39
17 12 18 0 30  993,53 1,09
17 12 18 0 38  993,35 1,22
17 12 18 1 0  993,39 1,20
17 12 18 1 30  993,08 1,99
17 12 18 2 0  993,10 1,42
17 12 18 2 30  993,32 1,38
17 12 18 3 0  993,03 1,14
17 12 18 3 30  993,39 0,53
17 12 18 4 0  993,09 0,55
17 12 18 4 30  992,90 0,04
17 12 18 5 0  993,32 -0,73
17 12 18 5 30  993,43 -1,13
17 12 18 6 0  993,33 -1,35
17 12 18 6 30  993,75 -2,21
17 12 18 7 0  994,28 -2,82
17 12 18 7 30  994,44 -1,42
17 12 18 8 0  994,84 -0,88
17 12 18 8 30  994,91 -0,93
17 12 18 9 0  995,25 -0,48
17 12 18 9 30  995,36 0,04
17 12 18 10 0  995,57 1,13
17 12 18 10 30  995,53 1,56
17 12 18 11 0  995,26 1,91
17 12 18 11 30  995,26 2,40
17 12 18 12 0  995,22 3,27
17 12 18 12 30  995,27 3,09
17 12 18 13 0  995,47 2,67
17 12 18 13 30  995,75 3,30
17 12 18 14 0  995,84 2,51
17 12 18 14 19  996,08 1,94
17 12 18 14 19  996,10 1,96
17 12 18 14 30  996,36 2,20
17 12 18 15 0  996,41 2,38
17 12 18 15 30  996,76 1,24
17 12 18 16 0  996,97 1,30
17 12 18 16 30  997,31 1,10
17 12 18 17 0  997,49 1,30
17 12 18 17 30  997,72 1,25
17 12 18 18 0  998,07 1,25
17 12 18 18 30  998,25 1,32
17 12 18 19 0  998,62 1,27
17 12 18 19 30  998,79 1,65
17 12 18 20 0  999,11 1,14
17 12 18 20 30  999,44 0,64
17 12 18 21 0  999,63 0,57
17 12 18 21 30  999,81 0,67
17 12 18 22 0  1000,07 0,79
17 12 18 22 30  1000,39 0,91
17 12 18 23 0  1000,47 0,82
17 12 18 23 30  1000,39 0,58
18 12 18 0 0  1000,58 0,33
18 12 18 0 30  1000,71 -0,02
18 12 18 1 0  1000,85 -0,54
18 12 18 1 30  1000,90 -0,09
18 12 18 1 38  1000,88 0,50
18 12 18 2 0  1001,17 0,53
18 12 18 2 30  1001,12 0,32
18 12 18 3 0  1001,02 0,67
18 12 18 3 30  1001,16 0,72
18 12 18 4 0  1001,23 -0,22
18 12 18 4 30  1001,20 0,14
18 12 18 5 0  1001,29 0,20
18 12 18 5 30  1001,28 0,90
18 12 18 6 0  1001,53 0,33
18 12 18 6 30  1001,64 1,19
18 12 18 7 0  1001,92 1,53
18 12 18 7 30  1002,05 1,95
18 12 18 8 0  1002,33 2,09
18 12 18 8 30  1002,45 2,49
18 12 18 9 0  1002,68 3,01
18 12 18 9 30  1002,93 2,70
18 12 18 10 0  1003,03 3,05
18 12 18 10 30  1002,82 3,26
18 12 18 11 0  1002,69 3,34
18 12 18 11 30  1002,59 3,93
18 12 18 12 0  1002,39 4,17
18 12 18 12 30  1002,29 4,45
18 12 18 13 0  1002,23 4,66
18 12 18 13 30  1002,18 4,61
18 12 18 13 41  1002,24 4,55
18 12 18 14 0  1002,28 4,29
18 12 18 14 30  1002,40 3,55
18 12 18 15 0  1002,48 2,73
18 12 18 15 30  1002,67 3,67
18 12 18 16 0  1002,74 4,09
18 12 18 16 30  1002,80 3,36
18 12 18 17 0  1002,71 3,30
18 12 18 17 30  1002,91 2,98
18 12 18 18 0  1003,27 2,91
18 12 18 18 30  1003,47 2,83
18 12 18 19 0  1003,34 2,98
18 12 18 19 30  1003,33 2,85
18 12 18 20 0  1003,39 2,81
18 12 18 20 30  1003,38 3,40
18 12 18 21 0  1003,43 3,45
18 12 18 21 30  1003,43 2,81
18 12 18 22 0  1003,70 2,76
18 12 18 22 30  1003,86 2,46
18 12 18 23 0  1003,93 2,24
18 12 18 23 30  1003,47 2,08
19 12 18 0 0  1003,60 2,01
19 12 18 0 30  1003,51 2,28
19 12 18 0 41  1003,45 2,16
19 12 18 0 41  1003,17 5,92
19 12 18 0 41  1003,11 6,11
19 12 18 0 41  1003,12 6,26
19 12 18 1 0  1002,05 16,71
19 12 18 1 30  1001,94 14,88
19 12 18 2 0  1001,96 15,00
19 12 18 2 30  1001,60 13,96
19 12 18 3 0  1001,76 14,98
19 12 18 3 15  1001,94 13,88
19 12 18 3 30  1001,99 13,41
19 12 18 4 0  1001,86 13,92
19 12 18 4 30  1001,50 14,36
19 12 18 5 0  1001,21 14,05
19 12 18 5 30  1001,15 14,46
19 12 18 6 0  1001,40 13,29
19 12 18 6 30  1001,15 16,02
19 12 18 7 0  1001,41 13,57
19 12 18 7 30  1001,51 13,42
19 12 18 8 0  1001,30 13,77
19 12 18 8 30  1001,40 13,53
19 12 18 8 30  1001,38 13,55
19 12 18 9 0  1001,27 15,93
19 12 18 9 30  1001,27 12,86
19 12 18 10 0  1001,16 12,84
19 12 18 10 30  1000,57 13,86
19 12 18 11 0  1000,09 15,86
19 12 18 11 30  999,82 15,62
19 12 18 12 0  999,41 17,77
19 12 18 12 30  999,41 17,86
19 12 18 13 0  999,29 19,77
19 12 18 13 30  998,67 20,73
19 12 18 14 0  998,64 19,55
19 12 18 14 30  998,20 21,26
19 12 18 15 0  998,18 18,39
19 12 18 15 13  998,30 16,85
19 12 18 15 30  998,18 15,82
19 12 18 16 0  998,24 15,02
19 12 18 16 30  998,11 14,31
19 12 18 17 0  997,94 14,30
19 12 18 17 30  997,53 14,26
19 12 18 18 0  997,28 13,57
19 12 18 18 30  997,62 13,56
19 12 18 19 0  997,49 13,54
19 12 18 19 16  997,33 13,65
19 12 18 19 18  997,33 13,58
19 12 18 19 19  997,31 13,88
19 12 18 19 30  997,26 13,39
19 12 18 20 0  996,81 14,10
19 12 18 20 30  996,66 13,02
19 12 18 20 43  996,24 14,14
19 12 18 21 0  996,28 13,89
19 12 18 21 30  996,38 11,93
19 12 18 22 0  996,35 11,68
19 12 18 22 30  996,35 11,54
19 12 18 23 0  996,01 12,00
19 12 18 23 30  996,04 11,37
20 12 18 0 0  995,70 12,89
20 12 18 0 30  995,63 12,24
20 12 18 1 0  995,39 12,04
20 12 18 1 30  995,31 11,99
20 12 18 2 0  995,54 12,16
20 12 18 2 24  995,58 11,02
20 12 18 2 30  995,66 10,91
20 12 18 3 0  995,31 11,03
20 12 18 3 30  994,86 11,23
20 12 18 4 0  994,68 11,15
20 12 18 4 30  994,55 11,86
20 12 18 5 0  994,43 12,07
20 12 18 5 2  994,45 11,92
20 12 18 5 30  994,27 11,74
20 12 18 6 0  993,73 11,83
20 12 18 6 30  994,08 11,84
20 12 18 7 0  994,20 11,23
20 12 18 7 30  993,93 11,86
20 12 18 7 41  993,85 12,21
20 12 18 8 0  993,78 12,45
20 12 18 8 19  993,80 12,51
20 12 18 8 30  993,93 12,66
20 12 18 9 0  993,77 13,15
20 12 18 9 30  993,81 12,31
20 12 18 10 0  993,96 12,48
20 12 18 10 24  993,64 12,34
20 12 18 10 30  993,53 14,05
20 12 18 11 0  993,22 14,30
20 12 18 11 30  992,95 14,56
20 12 18 12 0  992,62 15,48
20 12 18 12 30  992,14 15,19
20 12 18 13 0  992,00 14,61
20 12 18 13 13  991,75 14,85
20 12 18 13 30  991,77 16,16
20 12 18 14 0  991,55 15,06
20 12 18 14 30  991,61 16,34
20 12 18 15 0  992,19 8,71
20 12 18 15 30  991,58 14,95
20 12 18 15 32  991,63 15,29
20 12 18 16 0  991,56 15,17
20 12 18 16 30  991,74 15,29
20 12 18 17 0  991,65 16,42
20 12 18 17 30  991,89 16,30
20 12 18 17 46  991,80 16,63
20 12 18 18 30  991,82 16,51
20 12 18 18 54  991,79 17,20
20 12 18 19 0  991,92 17,06
20 12 18 19 30  992,13 16,49
20 12 18 20 0  992,23 16,52
20 12 18 20 30  992,42 16,26
20 12 18 21 0  992,64 16,42
20 12 18 21 30  992,57 16,34
20 12 18 21 50  992,54 16,25
20 12 18 22 0  992,64 16,19
20 12 18 22 30  992,70 16,05
20 12 18 23 0  992,76 16,14
20 12 18 23 30  992,66 16,13
20 12 18 23 45  992,79 16,12
21 12 18 0 0  992,82 16,07
21 12 18 0 30  992,64 16,17
21 12 18 1 0  992,60 16,11
21 12 18 1 30  992,66 16,27
21 12 18 2 0  992,87 16,15
21 12 18 2 30  992,84 16,01
21 12 18 3 0  992,74 15,81
21 12 18 3 30  992,82 15,87
21 12 18 4 0  992,75 15,88
21 12 18 4 30  992,80 15,91
21 12 18 5 0  992,79 15,91
21 12 18 5 30  992,72 15,54
21 12 18 6 0  992,69 15,50
21 12 18 6 30  992,50 15,69
21 12 18 7 0  992,56 15,77
21 12 18 7 30  992,69 15,77
21 12 18 8 0  992,90 15,76
21 12 18 8 30  992,70 15,92
21 12 18 9 0  992,90 16,17
21 12 18 9 30  992,85 16,25
21 12 18 10 0  992,54 16,36
21 12 18 10 30  991,90 16,50
21 12 18 11 0  991,63 16,50
21 12 18 11 30  991,34 17,15
21 12 18 12 0  990,85 17,52
21 12 18 12 30  990,71 17,57
21 12 18 13 0  990,86 18,03
21 12 18 13 30  990,40 17,65
21 12 18 14 0  990,23 17,43
21 12 18 14 30  990,02 16,93
21 12 18 15 0  989,87 17,08
21 12 18 15 23  989,27 17,05
21 12 18 15 30  989,26 16,91
21 12 18 16 0  989,01 16,94
21 12 18 16 30  988,63 16,86
21 12 18 17 0  987,78 16,92
21 12 18 17 6  987,88 16,80
21 12 18 17 30  987,59 16,81
21 12 18 18 0  987,33 16,85
21 12 18 18 30  986,67 17,06
21 12 18 19 0  985,95 16,94
21 12 18 19 30  985,30 16,84
21 12 18 20 0  984,70 16,81
21 12 18 20 30  984,29 16,87
21 12 18 21 0  983,75 16,60
21 12 18 21 18  983,62 16,53
21 12 18 21 30  983,34 16,76
21 12 18 22 0  982,55 16,66
21 12 18 22 30  982,04 16,64
21 12 18 23 0  981,44 16,69
21 12 18 23 30  981,19 16,38
22 12 18 0 0  980,74 16,35
22 12 18 0 30  980,22 16,05
22 12 18 1 0  979,74 16,03
22 12 18 1 24  979,75 16,05
22 12 18 1 30  979,75 15,94
22 12 18 2 0  979,53 16,20
22 12 18 2 30  979,11 16,26
22 12 18 3 0  979,05 16,14
22 12 18 3 30  978,70 16,42
22 12 18 4 0  978,44 16,44
22 12 18 4 30  978,33 16,66
22 12 18 5 0  978,24 16,77
22 12 18 5 30  978,42 16,76
22 12 18 6 0  978,35 16,82
22 12 18 6 30  978,30 16,77
22 12 18 7 0  978,39 16,54
22 12 18 7 30  978,52 16,75
22 12 18 8 0  978,75 16,98
22 12 18 8 30  978,84 17,07
22 12 18 9 0  978,70 17,17
22 12 18 9 30  978,89 17,40
22 12 18 10 0  978,65 17,71
22 12 18 10 30  978,87 17,77
22 12 18 11 0  978,53 17,27
22 12 18 11 30  978,35 17,78
22 12 18 12 0  978,16 17,44
22 12 18 12 30  978,15 17,83
22 12 18 13 0  977,87 17,92
22 12 18 13 30  977,80 17,69
22 12 18 14 0  977,97 17,86
22 12 18 14 30  977,88 17,74
22 12 18 15 0  977,68 17,59
22 12 18 15 30  977,68 17,33
22 12 18 16 0  977,66 17,48
22 12 18 16 30  977,55 17,25
22 12 18 17 0  977,36 17,07
22 12 18 17 30  977,40 16,97
22 12 18 18 0  977,44 17,01
22 12 18 18 30  977,58 16,95
22 12 18 19 0  977,98 16,96
22 12 18 19 30  978,70 17,09
22 12 18 20 0  979,12 16,96
22 12 18 20 30  980,02 17,41
22 12 18 20 37  980,29 17,47
22 12 18 21 0  980,76 17,18
22 12 18 21 30  981,40 17,28
22 12 18 22 0  981,99 17,25
22 12 18 22 30  982,95 17,36
22 12 18 23 0  983,06 17,29
22 12 18 23 30  983,58 17,07
22 12 18 23 40  983,50 17,00
23 12 18 0 0  983,61 16,88
23 12 18 0 30  983,68 17,07
23 12 18 1 0  984,33 17,02
23 12 18 1 30  984,83 16,87
23 12 18 2 0  985,25 16,84
23 12 18 2 30  985,36 16,90
23 12 18 3 0  986,12 16,81
23 12 18 3 30  986,30 16,95
23 12 18 4 0  986,39 16,94
23 12 18 4 30  986,61 16,67
23 12 18 5 0  986,97 16,96
23 12 18 5 30  986,92 17,10
23 12 18 6 0  987,32 17,00
23 12 18 6 30  987,55 16,83
23 12 18 7 0  987,90 16,67
23 12 18 7 30  988,36 17,00
23 12 18 8 0  988,59 16,77
23 12 18 8 30  988,92 16,95
23 12 18 9 0  989,26 17,00
23 12 18 9 30  989,64 17,24
23 12 18 10 0  989,76 17,54
23 12 18 10 30  989,58 17,58
23 12 18 11 0  989,87 17,35
23 12 18 11 30  989,78 17,46
23 12 18 12 0  989,92 17,31
23 12 18 12 30  989,72 17,67
23 12 18 12 30  989,71 17,72
23 12 18 13 0  989,83 17,61
23 12 18 13 30  989,72 17,51
23 12 18 14 0  989,79 17,27
23 12 18 14 30  989,83 17,41
23 12 18 15 0  989,59 17,19
23 12 18 15 30  989,49 16,96
23 12 18 16 0  989,07 17,19
23 12 18 16 30  988,58 16,97
23 12 18 17 0  988,53 17,11
23 12 18 17 30  988,12 17,09
23 12 18 18 0  987,94 16,95
23 12 18 18 30  987,50 17,09
23 12 18 19 0  987,18 15,78
23 12 18 19 17  986,95 15,09
23 12 18 19 30  986,65 14,82
23 12 18 20 0  986,14 16,36
23 12 18 20 21  985,97 16,85
23 12 18 20 30  985,97 16,97
23 12 18 21 0  985,66 17,08
23 12 18 21 30  985,29 17,45
23 12 18 22 0  985,08 17,84
23 12 18 22 30  984,79 17,64
23 12 18 23 0  984,37 17,83
23 12 18 23 30  983,75 17,68
24 12 18 0 0  983,24 17,54
24 12 18 0 30  982,71 18,05
24 12 18 1 0  982,46 17,83
24 12 18 1 30  982,19 18,12
24 12 18 2 0  981,72 18,17
24 12 18 2 30  981,45 18,20
24 12 18 3 0  981,00 18,26
24 12 18 3 30  980,71 18,20
24 12 18 4 0  979,91 18,22
24 12 18 4 30  979,20 17,99
24 12 18 5 0  978,84 18,10
24 12 18 5 30  978,45 18,24
24 12 18 6 0  978,74 18,54
24 12 18 6 30  978,58 18,15
24 12 18 7 0  978,55 17,95
24 12 18 7 30  978,51 18,24
24 12 18 8 0  978,49 18,38
24 12 18 8 30  978,56 18,55
24 12 18 9 0  979,27 19,46
24 12 18 9 30  980,26 19,93
24 12 18 10 0  981,12 19,71
24 12 18 10 30  981,82 20,57
24 12 18 10 36  981,93 20,54
24 12 18 11 0  982,52 19,26
24 12 18 11 30  982,84 19,64
24 12 18 12 0  983,05 19,62
24 12 18 12 30  983,44 19,41
24 12 18 12 54  983,80 19,61
24 12 18 13 0  983,80 19,77
24 12 18 13 30  984,20 19,55
24 12 18 14 0  985,03 19,52
24 12 18 14 30  985,63 19,84
24 12 18 15 0  986,13 19,94
24 12 18 15 30  986,86 19,24
24 12 18 16 0  987,51 19,43
24 12 18 16 30  987,94 19,78
24 12 18 17 0  988,89 19,68
24 12 18 17 30  989,61 18,62
24 12 18 18 0  989,93 18,60
24 12 18 18 30  990,64 18,33
24 12 18 19 0  990,87 18,65
24 12 18 19 30  991,28 18,69
24 12 18 20 0  991,84 19,06
24 12 18 20 30  992,25 18,05
24 12 18 21 0  992,52 17,79
24 12 18 21 30  992,85 16,99
24 12 18 22 0  992,82 17,07
24 12 18 22 30  992,74 16,84
24 12 18 23 0  992,93 16,88
24 12 18 23 30  992,87 16,67
25 12 18 0 0  993,11 16,51
25 12 18 0 30  993,22 17,23
25 12 18 1 0  993,57 16,35
25 12 18 1 30  993,57 16,78
25 12 18 2 0  994,14 16,24
25 12 18 2 30  994,08 16,46
25 12 18 3 0  994,01 15,97
25 12 18 3 30  993,94 16,84
25 12 18 4 0  993,90 16,03
25 12 18 4 30  993,95 16,34
25 12 18 5 0  994,19 15,75
25 12 18 5 30  994,34 15,69
25 12 18 6 0  994,34 15,78
25 12 18 6 30  994,42 15,19
25 12 18 7 0  994,39 15,87
25 12 18 7 30  994,45 15,74
25 12 18 8 0  994,62 16,02
25 12 18 8 30  994,58 15,46
25 12 18 9 0  994,36 15,91
25 12 18 9 30  994,23 15,63
25 12 18 10 0  994,29 16,53
25 12 18 10 30  994,23 16,29
25 12 18 11 0  994,13 16,15
25 12 18 11 30  993,83 16,12
25 12 18 12 0  993,45 16,48
25 12 18 12 30  993,48 16,61
25 12 18 13 0  993,55 16,64
25 12 18 13 30  993,54 16,40
25 12 18 14 0  993,85 16,70
25 12 18 14 30  993,97 16,53
25 12 18 15 0  994,00 16,93
25 12 18 15 30  994,07 16,51
25 12 18 16 0  994,01 16,80
25 12 18 16 30  994,05 16,68
25 12 18 17 0  993,83 16,63
25 12 18 17 30  993,98 16,64
25 12 18 18 0  993,87 16,82
25 12 18 18 30  993,99 16,82
25 12 18 19 0  994,02 16,71
25 12 18 19 30  993,85 16,79
25 12 18 20 0  993,99 16,89
25 12 18 20 30  993,81 16,84
25 12 18 21 0  993,72 16,93
25 12 18 21 30  993,86 16,94
25 12 18 22 0  993,96 16,90
25 12 18 22 30  993,82 16,53
25 12 18 23 0  993,62 16,54
25 12 18 23 30  993,84 16,70
26 12 18 0 0  993,80 16,62
26 12 18 0 5  993,79 16,64
26 12 18 0 30  993,75 16,70
26 12 18 1 0  993,66 16,91
26 12 18 1 30  993,71 17,09
26 12 18 2 0  993,63 17,08
26 12 18 2 30  993,72 17,20
26 12 18 3 0  993,36 17,09
26 12 18 3 8  993,25 16,98
26 12 18 3 30  993,10 17,19
26 12 18 4 0  992,80 16,99
26 12 18 4 30  992,82 17,07
26 12 18 5 0  992,74 16,89
26 12 18 5 30  992,85 17,12
26 12 18 6 0  992,62 16,93
26 12 18 6 30  992,86 16,89
26 12 18 7 0  992,76 17,03
26 12 18 7 30  992,94 17,04
26 12 18 8 0  992,91 17,05
26 12 18 8 30  992,71 17,03
26 12 18 9 0  992,70 16,98
26 12 18 9 30  992,74 17,23
26 12 18 10 0  992,48 17,30
26 12 18 10 30  992,31 17,62
26 12 18 11 0  992,48 17,43
26 12 18 11 30  991,99 17,68
26 12 18 12 0  991,80 17,53
26 12 18 12 30  991,89 17,72
26 12 18 13 0  992,09 17,56
26 12 18 13 30  992,07 17,40
26 12 18 14 0  992,06 17,60
26 12 18 14 30  992,15 17,39
26 12 18 15 0  992,24 17,70
26 12 18 15 30  992,31 17,46
26 12 18 16 0  992,44 17,57
26 12 18 16 30  992,49 17,62
26 12 18 17 0  992,59 17,70
26 12 18 17 30  992,72 17,69
26 12 18 18 0  992,65 17,55
26 12 18 18 30  992,80 17,63
26 12 18 19 0  992,95 17,54
26 12 18 19 30  993,08 17,87
26 12 18 19 53  993,04 17,82
26 12 18 20 0  993,18 17,44
26 12 18 20 30  993,37 17,54
26 12 18 21 0  993,52 17,73
26 12 18 21 30  993,45 17,67
26 12 18 22 0  993,30 17,96
26 12 18 22 30  993,37 17,63
26 12 18 23 0  993,21 17,84
26 12 18 23 30  993,42 17,79
27 12 18 0 0  993,55 17,98
27 12 18 0 30  993,73 17,68
27 12 18 1 0  993,78 17,89
27 12 18 1 30  993,94 18,03
27 12 18 2 0  993,99 17,75
27 12 18 2 30  994,17 17,89
27 12 18 3 0  994,26 17,96
27 12 18 3 30  993,96 17,81
27 12 18 4 0  994,09 17,80
27 12 18 4 30  994,23 17,98
27 12 18 5 0  994,11 17,89
27 12 18 5 23  994,27 17,88
27 12 18 5 30  994,20 17,92
27 12 18 6 0  994,30 17,99
27 12 18 6 30  994,30 17,89
27 12 18 7 0  994,35 18,00
27 12 18 7 30  994,46 17,76
27 12 18 8 0  994,32 18,07
27 12 18 8 30  994,17 18,15
27 12 18 9 0  994,04 18,08
27 12 18 9 30  994,07 18,49
27 12 18 10 0  993,99 18,29
27 12 18 10 30  993,73 18,43
27 12 18 11 0  993,37 18,22
27 12 18 11 30  992,90 18,40
27 12 18 12 0  992,55 18,39
27 12 18 12 30  992,31 18,55
27 12 18 13 0  992,15 18,48
27 12 18 13 30  992,27 18,36
27 12 18 14 0  992,20 18,42
27 12 18 14 30  992,13 18,33
27 12 18 15 0  991,98 18,50
27 12 18 15 30  991,88 18,29
27 12 18 16 0  991,69 18,51
27 12 18 16 30  991,69 18,46
27 12 18 17 0  991,69 18,54
27 12 18 17 30  991,76 18,54
27 12 18 18 0  991,64 18,61
27 12 18 18 30  991,62 18,62
27 12 18 19 0  991,43 18,62
27 12 18 19 30  991,52 18,68
27 12 18 20 0  991,27 18,44
27 12 18 20 30  991,45 18,67
27 12 18 21 0  991,52 18,57
27 12 18 21 30  991,39 18,48
27 12 18 22 0  991,51 18,47
27 12 18 22 30  991,21 18,48
27 12 18 23 0  991,03 18,56
27 12 18 23 30  990,84 18,49
28 12 18 0 0  990,70 18,40
28 12 18 0 30  990,68 18,49
28 12 18 1 0  990,63 18,69
28 12 18 1 30  990,85 18,51
28 12 18 2 0  990,97 18,65
28 12 18 2 30  991,08 18,67
28 12 18 3 0  990,71 18,32
28 12 18 3 1  990,71 18,49
28 12 18 3 30  990,67 18,50
28 12 18 4 0  990,34 18,51
28 12 18 4 30  990,22 18,67
28 12 18 5 0  990,30 18,58
28 12 18 5 30  990,31 18,54
28 12 18 6 0  990,29 18,45
28 12 18 6 30  990,38 18,37
28 12 18 7 0  990,61 18,30
28 12 18 7 30  990,82 18,20
28 12 18 8 0  990,88 18,36
28 12 18 8 30  990,68 18,29
28 12 18 9 0  990,82 18,52
28 12 18 9 30  990,87 18,72
28 12 18 10 0  991,03 18,55
28 12 18 10 30  990,94 18,54
28 12 18 11 0  990,65 18,71
28 12 18 11 30  990,03 18,78
28 12 18 12 0  989,81 18,58
28 12 18 12 30  989,78 18,43
28 12 18 13 0  989,76 18,65
28 12 18 13 30  989,82 18,69
28 12 18 14 0  989,85 18,69
28 12 18 14 22  989,91 18,35
28 12 18 14 30  990,01 18,49
28 12 18 15 0  990,05 18,54
28 12 18 15 30  990,47 15,11
28 12 18 16 0  990,58 15,10
28 12 18 16 30  990,74 15,16
28 12 18 17 0  990,75 15,16
28 12 18 17 30  991,01 14,77
28 12 18 18 0  991,12 14,68
28 12 18 18 30  991,26 14,64
28 12 18 19 0  991,59 15,62
28 12 18 19 30  992,03 16,46
28 12 18 20 0  991,96 15,67
28 12 18 20 30  992,25 15,12
28 12 18 20 50  992,36 15,71
28 12 18 21 0  992,38 15,32
28 12 18 21 30  992,58 15,64
28 12 18 22 0  992,58 15,34
28 12 18 22 30  992,67 15,24
28 12 18 22 55  992,81 15,05
28 12 18 23 0  992,82 14,98
28 12 18 23 30  992,94 15,09
29 12 18 0 0  993,06 15,19
29 12 18 0 30  993,50 15,30
29 12 18 1 0  993,71 15,24
29 12 18 1 30  993,97 15,48
29 12 18 2 0  994,13 16,23
29 12 18 2 30  994,21 16,27
29 12 18 3 0  994,35 15,43
29 12 18 3 30  994,37 15,69
29 12 18 4 0  994,36 15,34
29 12 18 4 30  994,45 15,58
29 12 18 5 0  994,40 16,43
29 12 18 5 30  994,77 16,62
29 12 18 6 0  995,22 15,18
29 12 18 6 30  995,52 15,04
29 12 18 7 0  995,60 15,60
29 12 18 7 30  995,97 15,34
29 12 18 8 0  996,19 14,88
29 12 18 8 30  996,24 15,15
29 12 18 9 0  996,30 15,18
29 12 18 9 30  996,47 15,07
29 12 18 10 0  996,62 15,20
29 12 18 10 30  996,73 15,50
29 12 18 11 0  996,65 15,16
29 12 18 11 30  996,53 15,37
29 12 18 12 0  996,30 15,33
29 12 18 12 30  996,30 15,60
29 12 18 13 0  996,32 15,75
29 12 18 13 30  996,31 15,73
29 12 18 14 0  996,40 15,33
29 12 18 14 30  996,42 16,01
29 12 18 15 0  996,54 15,61
29 12 18 15 30  996,58 15,11
29 12 18 16 0  996,63 15,41
29 12 18 16 30  996,60 15,16
29 12 18 17 0  996,57 14,94
29 12 18 17 30  996,57 15,04
29 12 18 18 0  996,52 14,72
29 12 18 18 30  996,52 14,89
29 12 18 19 0  996,21 14,65
29 12 18 19 30  996,08 14,92
29 12 18 20 0  995,65 14,85
29 12 18 20 30  995,49 14,73
29 12 18 21 0  995,28 14,46
29 12 18 21 30  994,94 14,78
29 12 18 22 0  994,73 15,13
29 12 18 22 30  994,57 15,23
29 12 18 23 0  994,42 14,97
29 12 18 23 30  994,21 15,27
30 12 18 0 0  993,88 15,08
30 12 18 0 30  993,53 15,20
30 12 18 1 0  993,34 14,87
30 12 18 1 30  993,16 14,65
30 12 18 2 0  992,89 14,94
30 12 18 2 30  992,72 14,69
30 12 18 3 0  992,44 14,78
30 12 18 3 30  992,08 14,52
30 12 18 4 0  991,72 14,60
30 12 18 4 30  991,69 14,41
30 12 18 4 45  991,55 14,61
30 12 18 5 0  991,49 14,74
30 12 18 5 30  991,56 14,66
30 12 18 6 0  991,63 14,81
30 12 18 6 30  991,64 14,62
30 12 18 7 0  991,62 14,63
30 12 18 7 30  991,79 14,79
30 12 18 8 0  991,86 14,88
30 12 18 8 30  991,97 14,89
30 12 18 9 0  992,01 14,90
30 12 18 9 26  991,96 14,83
30 12 18 9 30  992,02 14,94
30 12 18 10 0  991,99 15,65
30 12 18 10 30  992,04 15,47
30 12 18 11 0  991,92 15,86
30 12 18 11 30  991,63 15,42
30 12 18 12 0  991,30 15,57
30 12 18 12 30  991,03 15,89
30 12 18 13 0  990,76 16,56
30 12 18 13 30  990,73 16,87
30 12 18 14 0  990,74 16,30
30 12 18 14 30  990,64 15,92
