5 1 19 12 0  980.47 22.49
5 1 19 12 30  980.30 21.24
5 1 19 13 0  980.11 22.69
5 1 19 13 30  980.05 23.05
5 1 19 14 0  980.28 23.31
5 1 19 14 30  980.45 23.19
5 1 19 15 0  980.80 21.92
5 1 19 15 21  980.85 22.66
5 1 19 15 21  980.85 22.66
5 1 19 15 21  980.89 22.89
5 1 19 15 24  983.59 23.34
5 1 19 15 24  983.59 23.34
5 1 19 15 24  983.60 23.36
5 1 19 15 25  984.00 23.15
5 1 19 15 25  984.09 23.04
5 1 19 15 25  984.11 22.97
5 1 19 15 25  984.11 22.97
5 1 19 15 25  984.15 22.93
5 1 19 15 25  984.06 22.86
5 1 19 15 30  984.13 17.96
5 1 19 15 45  984.08 21.50